aaa aaa aa 0 0 0 0 -1873935088 21904 -1873935072 21904 -1905483406 21904 878776690 21847 
aa aa 2 1 0 0 0 0 0 -1873935088 21904 -1873935072 21904 -1905483406 21904 
aa aa 123 0 0 123 123 0 0 0 0 0 0 0 21904 
ss ss ss 0 0 123 123 0 0 0 0 0 0 0 21904 
ss ss 0 0 0 0 0 0 0 0 0 0 0 0 21904 
Nidhal Ounissi 77777 0 0 77777 77777 0 0 0 0 0 0 0 21904 
wwww wwww wwww 0 0 77777 77777 0 0 0 0 0 0 0 21904 
wwww wwww 0 0 0 0 0 0 0 0 0 0 0 0 21904 
Mohssen Mohssen Hssan 0 0 13021183 13021183 0 0 0 0 0 0 0 21904 
Kilani Mbappe 741852 0 0 741852 741852 0 0 0 0 0 0 0 21904 
Kilani Mbappe 741852 0 0 741852 741852 1 1 1 1 1 1 1 21904 
Mohssen Hssan 13021183 16 6 1999 233JMT1836 53379761 2 1 1 1 1 10 -1 
Hssan Rebhi 123456 0 0 123456 8888 0 0 0 0 0 2 0 -1 
Othamane Chnogorman 55555 0 0 55555 55555 0 0 0 0 0 1 0 -1 
ss ss 77 0 0 0 00 0 0 0 0 0 1 0 -1 
Hssan Ifaa 777a7 0 0 777 a7 777a7 1 0 0 0 0 1 0 
Jalel Kadri 1111 0 0 1111 1111 2 1 0 0 0 1 0 0 
Mondher Kbayer 85 0 0 85 85 2 1 1 0 0 2 0 0 
Salmane Salmane didi 2022 13 85 85 2 1 1 0 0 2 0 0 
didi didiwa 1 1 0 0 0 1 0 1 0 0 2 0 0 
Khaled Badra can 2022 21 0 0 1 0 1 0 0 2 0 0 
can can 2 1 0 0 0 1 0 1 0 0 2 0 0 
beji behi 777 2022 11 14 777 777 0 1 0 0 0 1 0 
Harry Kane 888 2022 11 22 888 888 2 1 1 1 1 3 -1 
Giroud Olivier 111 2022 11 10 888 888 2 1 0 0 1 4 -1 
aaa aaa aaa 2022 11 15 aaa cc 1 1 1 1 1 3 -1 
aaa aaa aaa 2022 11 15 aaa cc 1 1 1 1 1 3 -1 
aaa aaa aaa 2022 11 15 aaa cc 1 1 1 0 1 3 -1 
